Date,Open,High,Low,Close,Volume,Adj Close
2014-06-06,649.90,651.26,644.47,645.57,12497800,645.57
2014-06-05,646.20,649.37,642.61,647.35,10850200,647.35
2014-06-04,637.44,647.89,636.11,644.82,11981500,644.82
2014-06-03,628.46,638.74,628.25,637.54,10453900,637.54
2014-06-02,633.96,634.83,622.50,628.65,13191100,628.65
2014-05-30,637.98,644.17,628.90,633.00,20143600,633.00
2014-05-29,627.85,636.87,627.77,635.38,13445500,635.38
2014-05-28,626.02,629.83,623.78,624.01,11267200,624.01
2014-05-27,615.88,625.86,615.63,625.63,12459500,625.63
2014-05-23,607.25,614.73,606.47,614.13,8293200,614.13
2014-05-22,606.60,609.85,604.10,607.27,7170000,607.27
2014-05-21,603.83,606.70,602.06,606.31,7030700,606.31
2014-05-20,604.51,606.40,600.73,604.71,8387000,604.71
2014-05-19,597.85,607.33,597.33,604.59,11348400,604.59
2014-05-16,588.63,597.53,585.40,597.51,9866300,597.51
2014-05-15,594.70,596.60,588.04,588.82,8244500,588.82
2014-05-14,592.43,597.40,591.74,593.87,5943000,593.87
2014-05-13,592.00,594.54,590.70,593.76,5704900,593.76
2014-05-12,587.49,593.66,587.40,592.83,7614600,592.83
2014-05-09,584.54,586.25,580.33,585.54,10414200,585.54
2014-05-08,588.25,594.41,586.40,587.99,8224900,587.99
2014-05-07,595.25,597.29,587.73,592.33,10102300,589.04
2014-05-06,601.80,604.41,594.41,594.41,13377300,591.11
2014-05-05,590.14,601.00,590.00,600.96,10252400,597.62
2014-05-02,592.34,594.20,589.71,592.58,6839800,589.29
2014-05-01,592.00,594.80,586.36,591.48,8716000,588.19
2014-04-30,592.64,599.43,589.80,590.09,16308600,586.81
2014-04-29,593.74,595.98,589.51,592.33,12049200,589.04
2014-04-28,572.80,595.75,572.55,594.09,23910200,590.79
2014-04-25,564.53,571.99,563.96,571.94,13938400,568.76
2014-04-24,568.21,570.00,560.73,567.77,27139700,564.62
2014-04-23,529.06,531.13,524.45,524.75,14105000,521.84
2014-04-22,528.31,531.83,526.50,531.70,7234400,528.75
2014-04-21,525.34,532.14,523.96,531.17,6519600,528.22
2014-04-17,520.00,527.76,519.20,524.94,10158100,522.02
2014-04-16,518.05,521.09,514.14,519.01,7670200,516.13
2014-04-15,520.27,521.64,511.33,517.96,9517500,515.08
2014-04-14,521.90,522.16,517.21,521.68,7345500,518.78
2014-04-11,519.00,522.83,517.14,519.61,9704200,516.72
2014-04-10,530.68,532.24,523.17,523.48,8559000,520.57
2014-04-09,522.64,530.49,522.02,530.32,7363200,527.37
2014-04-08,525.19,526.12,518.70,523.44,8710300,520.53
2014-04-07,528.02,530.90,521.89,523.47,10351800,520.56
2014-04-04,539.81,540.00,530.58,531.82,9830400,528.87
2014-04-03,541.39,542.50,537.64,538.79,5798000,535.80
2014-04-02,542.38,543.48,540.26,542.55,6443600,539.54
2014-04-01,537.76,541.87,536.77,541.65,7170000,538.64
2014-03-31,539.23,540.81,535.93,536.74,6023900,533.76
2014-03-28,538.32,538.94,534.25,536.86,7163000,533.88
2014-03-27,540.02,541.50,535.12,537.46,7929700,534.47
2014-03-26,546.52,549.00,538.86,539.78,10706000,536.78
2014-03-25,541.50,545.75,539.59,544.99,10081900,541.96
2014-03-24,538.42,540.50,535.06,539.19,12703600,536.20
2014-03-21,531.93,533.75,526.33,532.87,13358800,529.91
2014-03-20,529.89,532.67,527.35,528.70,7442800,525.76
2014-03-19,532.26,536.24,529.00,531.26,8027000,528.31
2014-03-18,525.90,531.97,525.20,531.40,7487400,528.45
2014-03-17,527.70,529.97,525.85,526.74,7126600,523.81
2014-03-14,528.79,530.89,523.00,524.69,8471400,521.78
2014-03-13,537.44,539.66,529.16,530.65,9205100,527.70
2014-03-12,534.51,537.35,532.00,536.61,7118800,533.63
2014-03-11,535.45,538.74,532.59,536.09,9972300,533.11
2014-03-10,528.36,533.33,528.34,530.92,6378000,527.97
2014-03-07,531.09,531.98,526.05,530.44,7883200,527.49
2014-03-06,532.79,534.44,528.10,530.75,6624600,527.80
2014-03-05,530.92,534.75,529.13,532.36,7145100,529.40
2014-03-04,531.00,532.64,527.77,531.24,9255000,528.29
2014-03-03,523.42,530.65,522.81,527.76,8527900,524.83
2014-02-28,529.08,532.75,522.12,526.24,13284600,523.32
2014-02-27,517.14,528.78,516.05,527.67,10781500,524.74
2014-02-26,523.61,525.00,515.60,517.35,9864900,514.48
2014-02-25,529.38,529.57,521.00,522.06,8284000,519.16
2014-02-24,523.15,529.92,522.42,527.55,10318200,524.62
2014-02-21,532.79,534.57,524.60,525.25,9956600,522.33
2014-02-20,532.99,537.00,529.00,531.15,10923500,528.20
2014-02-19,544.75,546.89,534.35,537.37,11206000,534.39
2014-02-18,546.00,551.19,545.61,545.99,9294700,542.96
2014-02-14,542.47,545.98,541.21,543.99,9747300,540.97
2014-02-13,534.66,544.85,534.20,544.43,10978500,541.41
2014-02-12,536.95,539.56,533.24,535.92,11003600,532.94
2014-02-11,530.61,537.75,529.50,535.96,10080600,532.98
2014-02-10,518.66,531.99,518.00,528.99,12341400,526.05
2014-02-07,521.38,522.93,517.38,519.68,13224300,516.79
2014-02-06,510.06,513.50,507.81,512.51,9205900,509.66
2014-02-05,506.56,515.28,506.25,512.59,11726600,506.71
2014-02-04,505.85,509.46,502.76,508.79,13452900,502.95
2014-02-03,502.61,507.73,499.30,501.53,14338000,495.78
2014-01-31,495.18,501.53,493.55,500.60,16599900,494.86
2014-01-30,502.54,506.50,496.70,499.78,24232200,494.05
2014-01-29,503.95,507.37,498.62,500.75,17957500,495.01
2014-01-28,508.76,515.00,502.07,506.50,38054400,500.69
2014-01-27,550.07,554.80,545.75,550.50,19817100,544.18
2014-01-24,554.00,555.62,544.75,546.07,15334100,539.81
2014-01-23,549.94,556.50,544.81,556.18,14401400,549.80
2014-01-22,550.91,557.29,547.81,551.51,13570900,545.18
2014-01-21,540.99,550.07,540.42,549.07,11733100,542.77
2014-01-17,551.48,552.07,539.90,540.67,15240700,534.47
2014-01-16,554.90,556.85,551.68,554.25,8188500,547.89
2014-01-15,553.52,560.20,551.66,557.36,13987100,550.97
2014-01-14,538.22,546.73,537.66,546.39,11877200,540.12
2014-01-13,529.91,542.50,529.88,535.73,13517600,529.58
2014-01-10,539.83,540.80,531.11,532.94,10892000,526.83
2014-01-09,546.80,546.86,535.35,536.52,9969600,530.37
2014-01-08,538.81,545.56,538.69,543.46,9233200,537.23
2014-01-07,544.32,545.96,537.92,540.04,11328900,533.84
2014-01-06,537.45,546.80,533.60,543.93,14736100,537.69
2014-01-03,552.86,553.70,540.43,540.98,14016700,534.77
2014-01-02,555.68,557.03,552.02,553.13,8381600,546.78
2013-12-31,554.17,561.28,554.00,561.02,7967300,554.58
2013-12-30,557.46,560.09,552.32,554.52,9058200,548.16
2013-12-27,563.82,564.41,559.50,560.09,8067300,553.66
2013-12-26,568.10,569.50,563.38,563.90,7286000,557.43
2013-12-24,569.89,571.88,566.03,567.67,5984100,561.16
2013-12-23,568.00,570.72,562.76,570.09,17903800,563.55
2013-12-20,545.43,551.61,544.82,549.02,15586200,542.72
2013-12-19,549.50,550.00,543.73,544.46,11439600,538.21
2013-12-18,549.70,551.45,538.80,550.77,20209400,544.45
2013-12-17,555.81,559.44,553.38,554.99,8210800,548.62
2013-12-16,555.02,562.64,555.01,557.50,10092600,551.10
2013-12-13,562.85,562.88,553.67,554.43,11886500,548.07
2013-12-12,562.14,565.34,560.03,560.54,9367500,554.11
2013-12-11,567.00,570.97,559.69,561.36,12847100,554.92
2013-12-10,563.58,567.88,561.20,565.55,9938200,559.06
2013-12-09,560.90,569.58,560.90,566.43,11446200,559.93
2013-12-06,565.79,566.75,559.57,560.02,12298300,553.60
2013-12-05,572.65,575.14,566.41,567.90,15985000,561.39
2013-12-04,565.50,569.19,560.82,565.00,13493200,558.52
2013-12-03,558.30,566.38,557.68,566.32,16106000,559.82
2013-12-02,558.00,564.33,550.82,551.23,16876600,544.91
2013-11-29,549.48,558.33,547.81,556.07,11361700,549.69
2013-11-27,536.31,546.00,533.40,545.96,12980300,539.70
2013-11-26,524.12,536.14,524.00,533.40,14335100,527.28
2013-11-25,521.02,525.87,521.00,523.74,8189700,517.73
2013-11-22,519.52,522.16,518.53,519.80,7990200,513.84
2013-11-21,517.60,521.21,513.67,521.14,9358100,515.16
2013-11-20,519.23,520.42,514.33,515.00,6925600,509.09
2013-11-19,519.03,523.38,517.97,519.55,7462100,513.59
2013-11-18,524.99,527.19,518.20,518.63,8748000,512.68
2013-11-15,526.58,529.09,524.49,524.99,11354300,518.97
2013-11-14,522.81,529.28,521.87,528.16,10086400,522.10
2013-11-13,518.00,522.25,516.96,520.63,7043600,514.66
2013-11-12,517.67,523.92,517.00,520.01,7295600,514.04
2013-11-11,519.99,521.67,514.41,519.05,8123300,513.10
2013-11-08,514.58,521.13,512.59,520.56,9975600,514.59
2013-11-07,519.58,523.19,512.38,512.49,9379300,506.61
2013-11-06,524.15,524.86,518.20,520.92,7977700,514.94
2013-11-05,524.58,528.89,523.00,525.45,9471900,516.41
2013-11-04,521.10,526.82,518.81,526.75,8736700,517.68
2013-11-01,524.02,524.80,515.84,520.03,9817500,511.08
2013-10-31,525.00,527.49,521.27,522.70,9846300,513.70
2013-10-30,519.61,527.52,517.02,524.90,12648700,515.87
2013-10-29,536.27,539.25,514.54,516.68,22707400,507.79
2013-10-28,529.04,531.00,523.21,529.88,19658600,520.76
2013-10-25,531.32,533.23,525.11,525.96,12064000,516.91
2013-10-24,525.00,532.47,522.45,531.91,13741600,522.76
2013-10-23,519.00,525.67,519.00,524.96,11204400,515.93
2013-10-22,526.41,528.45,508.03,519.87,19073700,510.92
2013-10-21,511.77,524.30,511.52,521.36,14218100,512.39
2013-10-18,505.99,509.26,505.71,508.89,10376500,500.13
2013-10-17,499.98,504.78,499.68,504.50,9056900,495.82
2013-10-16,500.79,502.53,499.23,501.11,8967900,492.49
2013-10-15,497.51,502.00,495.52,498.68,11431200,490.10
2013-10-14,489.83,497.58,489.35,496.04,9353500,487.50
2013-10-11,486.99,493.84,485.16,492.81,9562100,484.33
2013-10-10,491.32,492.38,487.04,489.64,9950100,481.21
2013-10-09,484.64,487.79,478.28,486.59,10775900,478.22
2013-10-08,489.94,490.64,480.54,480.94,10389900,472.66
2013-10-07,486.56,492.65,485.35,487.75,11153300,479.36
2013-10-04,483.86,484.60,478.60,483.03,9245300,474.72
2013-10-03,490.51,492.35,480.74,483.41,11526900,475.09
2013-10-02,485.63,491.80,483.75,489.56,10328000,481.13
2013-10-01,478.45,489.14,478.38,487.96,12638700,479.56
2013-09-30,477.25,481.66,474.41,476.75,9291300,468.55
2013-09-27,483.78,484.67,480.72,482.75,8144300,474.44
2013-09-26,486.00,488.56,483.90,486.22,8472200,477.85
2013-09-25,489.20,489.64,481.43,481.53,11319900,473.24
2013-09-24,494.88,495.47,487.82,489.10,13012300,480.68
2013-09-23,496.10,496.91,482.60,490.64,27218100,482.20
2013-09-20,478.00,478.55,466.00,467.41,24975100,459.37
2013-09-19,470.70,475.83,469.25,472.30,14447900,464.17
2013-09-18,463.18,466.35,460.66,464.68,16316500,456.68
2013-09-17,447.96,459.71,447.50,455.32,14263600,447.48
2013-09-16,461.00,461.61,447.22,450.12,19418100,442.37
2013-09-13,469.34,471.83,464.70,464.90,10672700,456.90
2013-09-12,468.50,475.40,466.01,472.69,14430400,464.56
2013-09-11,467.01,473.69,464.81,467.71,32096300,459.66
2013-09-10,506.20,507.45,489.50,494.64,26542700,486.13
2013-09-09,505.00,507.92,503.48,506.17,12167400,497.46
2013-09-06,498.44,499.38,489.95,498.22,12840200,489.65
2013-09-05,500.25,500.68,493.64,495.27,8441700,486.75
2013-09-04,499.56,502.24,496.28,498.69,12322600,490.11
2013-09-03,493.10,500.60,487.35,488.58,11854600,480.17
2013-08-30,492.00,492.95,486.50,487.22,9724900,478.84
2013-08-29,491.65,496.50,491.13,491.70,8559200,483.24
2013-08-28,486.00,495.80,486.00,490.90,10986000,482.45
2013-08-27,498.00,502.51,486.30,488.59,15149600,480.18
2013-08-26,500.75,510.20,500.50,502.97,11820200,494.31
2013-08-23,503.27,503.35,499.35,501.02,7954700,492.40
2013-08-22,504.98,505.59,498.20,502.96,8721700,494.30
2013-08-21,503.59,507.15,501.20,502.36,11995700,493.71
2013-08-20,509.71,510.57,500.82,501.07,12810300,492.45
2013-08-19,504.34,513.74,504.00,507.74,18232800,499.00
2013-08-16,500.15,502.94,498.86,502.33,12939500,493.69
2013-08-15,496.42,502.40,489.08,497.91,17510500,489.34
2013-08-14,497.88,504.25,493.40,498.50,27013300,489.92
2013-08-13,470.94,494.66,468.05,489.57,31497900,481.14
2013-08-12,456.86,468.65,456.63,467.36,13015500,459.32
2013-08-09,458.64,460.46,453.65,454.45,9530900,446.63
2013-08-08,463.86,464.10,457.95,461.01,9134900,453.08
2013-08-07,463.80,467.00,461.77,464.98,10673500,453.98
2013-08-06,468.02,471.89,462.17,465.25,11959200,454.24
2013-08-05,464.69,470.67,462.15,469.45,11387700,458.34
2013-08-02,458.01,462.85,456.66,462.54,9813700,451.60
2013-08-01,455.75,456.80,453.26,456.68,7366100,445.88
2013-07-31,454.99,457.34,449.43,452.53,11534200,441.82
2013-07-30,449.96,457.15,449.23,453.32,11050800,442.60
2013-07-29,440.80,449.99,440.20,447.79,8859200,437.20
2013-07-26,435.30,441.04,434.34,440.99,7148300,430.56
2013-07-25,440.70,441.40,435.81,438.50,8196200,428.13
2013-07-24,438.93,444.59,435.26,440.51,21140600,430.09
2013-07-23,426.00,426.96,418.71,418.99,13192700,409.08
2013-07-22,429.46,429.75,425.47,426.31,7421300,416.23
2013-07-19,433.10,433.98,424.35,424.95,9597200,414.90
2013-07-18,433.38,434.87,430.61,431.76,7817100,421.55
2013-07-17,429.70,432.22,428.22,430.31,7106800,420.13
2013-07-16,426.52,430.71,424.17,430.20,7733500,420.02
2013-07-15,425.01,431.46,424.80,427.44,8639900,417.33
2013-07-12,427.65,429.79,423.41,426.51,9984400,416.42
2013-07-11,422.95,428.25,421.17,427.29,11653300,417.18
2013-07-10,419.60,424.80,418.25,420.73,10050200,410.78
2013-07-09,413.60,423.50,410.38,422.35,12592300,412.36
2013-07-08,420.11,421.00,410.65,415.05,10647800,405.23
2013-07-05,420.39,423.29,415.35,417.42,9786600,407.55
2013-07-03,420.86,422.98,417.45,420.80,8604600,410.85
2013-07-02,409.96,421.63,409.47,418.49,16780900,408.59
2013-07-01,402.69,412.27,401.22,409.22,13966200,399.54
2013-06-28,391.36,400.27,388.87,396.53,20661300,387.15
2013-06-27,399.25,401.39,393.54,393.78,12044500,384.46
2013-06-26,403.90,404.79,395.66,398.07,13133000,388.65
2013-06-25,405.70,407.79,398.83,402.63,11220100,393.11
2013-06-24,407.40,408.66,398.05,402.54,17169500,393.02
2013-06-21,418.49,420.00,408.10,413.50,17182800,403.72
2013-06-20,419.30,425.98,415.17,416.84,12761100,406.98
2013-06-19,431.40,431.66,423.00,423.00,11105000,412.99
2013-06-18,431.56,434.90,430.21,431.77,6965200,421.56
2013-06-17,431.44,435.70,430.36,432.00,9264800,421.78
2013-06-14,435.40,436.29,428.50,430.05,9709500,419.88
2013-06-13,432.50,437.14,428.75,435.96,10208300,425.65
2013-06-12,439.50,441.25,431.50,432.19,9472400,421.97
2013-06-11,435.74,442.76,433.32,437.60,10218300,427.25
2013-06-10,444.73,449.08,436.80,438.89,16076900,428.51
2013-06-07,436.50,443.24,432.77,441.81,14447700,431.36
2013-06-06,445.47,447.00,434.05,438.46,14890500,428.09
2013-06-05,445.65,450.72,443.71,445.11,10378200,434.58
2013-06-04,453.22,454.43,447.39,449.31,10454600,438.68
2013-06-03,450.73,452.36,442.48,450.72,13298300,440.06
2013-05-31,452.50,457.10,449.50,449.73,13725100,439.09
2013-05-30,445.65,454.50,444.51,451.58,12625700,440.90
2013-05-29,440.00,447.50,439.40,444.95,11806300,434.42
2013-05-28,449.90,451.11,440.85,441.44,13790900,431.00
2013-05-24,440.85,445.66,440.36,445.15,9863100,434.62
2013-05-23,435.95,446.16,435.79,442.14,12607900,431.68
2013-05-22,444.05,448.35,438.22,441.35,15822800,430.91
2013-05-21,438.15,445.48,434.20,439.66,16286500,429.26
2013-05-20,431.91,445.80,430.10,442.93,16127800,432.45
2013-05-17,439.05,440.09,431.01,433.26,15282300,423.01
2013-05-16,423.24,437.85,418.90,434.58,21543000,424.30
2013-05-15,439.16,441.00,422.36,428.85,26486200,418.71
2013-05-14,453.85,455.20,442.15,443.86,15968500,433.36
2013-05-13,451.51,457.90,451.50,454.74,11319600,443.98
2013-05-10,457.97,459.71,450.48,452.97,11959000,442.25
2013-05-09,459.81,463.00,455.58,456.77,14231700,445.96
2013-05-08,459.04,465.37,455.81,463.84,16878500,449.89
2013-05-07,464.97,465.75,453.70,458.66,17276900,444.87
2013-05-06,455.71,462.20,454.31,460.71,17737200,446.85
2013-05-03,451.31,453.23,449.15,449.98,12903600,436.45
2013-05-02,441.78,448.59,440.63,445.52,15065300,432.12
2013-05-01,444.46,444.93,434.39,439.29,18103900,426.08
2013-04-30,435.10,445.25,432.07,442.78,24697800,429.46
2013-04-29,420.45,433.62,420.00,430.12,22868800,417.18
2013-04-26,409.81,418.77,408.25,417.20,27289200,404.65
2013-04-25,411.23,413.94,407.00,408.38,13744200,396.10
2013-04-24,393.54,415.25,392.50,405.46,34630400,393.27
2013-04-23,403.99,408.38,398.81,406.13,23722800,393.92
2013-04-22,392.64,402.20,391.27,398.67,15354300,386.68
2013-04-19,387.97,399.60,385.10,390.53,21759800,378.78
2013-04-18,404.99,405.79,389.74,392.05,23796400,380.26
2013-04-17,420.27,420.60,398.11,402.80,33752000,390.69
2013-04-16,421.57,426.61,420.57,426.24,10920400,413.42
2013-04-15,427.00,427.89,419.55,419.85,11340000,407.22
2013-04-12,434.15,434.15,429.09,429.80,8521900,416.87
2013-04-11,433.72,437.99,431.20,434.33,11727300,421.27
2013-04-10,428.10,437.06,426.01,435.69,13426000,422.59
2013-04-09,426.36,428.50,422.75,426.98,10950500,414.14
2013-04-08,424.85,427.50,422.49,426.21,10743900,413.39
2013-04-05,424.50,424.95,419.68,423.20,13703400,410.47
2013-04-04,433.76,435.00,425.25,427.72,12801700,414.86
2013-04-03,431.37,437.28,430.31,431.99,12972000,419.00
2013-04-02,427.60,438.14,426.40,429.79,18911400,416.86
2013-04-01,441.90,443.70,427.74,428.91,13919000,416.01
2013-03-28,449.82,451.82,441.62,442.66,15815700,429.35
2013-03-27,456.46,456.80,450.73,452.08,11829900,438.48
2013-03-26,465.44,465.84,460.53,461.14,10510500,447.27
2013-03-25,464.69,469.95,461.78,463.58,17897700,449.64
2013-03-22,454.58,462.10,453.11,461.91,14110900,448.02
2013-03-21,450.22,457.98,450.10,452.73,13687700,439.11
2013-03-20,457.42,457.63,449.59,452.08,11023600,438.48
2013-03-19,459.50,460.97,448.50,454.49,18813400,440.82
2013-03-18,441.45,457.46,441.20,455.72,21649900,442.01
2013-03-15,437.93,444.23,437.25,443.66,22998600,430.32
2013-03-14,432.83,434.64,430.45,432.50,10852700,419.49
2013-03-13,428.45,434.50,425.36,428.35,14483900,415.47
2013-03-12,435.60,438.88,427.57,428.43,16639700,415.54
2013-03-11,429.75,439.01,425.14,437.87,16937000,424.70
2013-03-08,429.80,435.43,428.61,431.72,13981500,418.74
2013-03-07,424.50,432.01,421.06,430.58,16731200,417.63
2013-03-06,434.51,435.25,424.43,425.66,16437500,412.86
2013-03-05,421.48,435.19,420.75,431.14,22801200,418.17
2013-03-04,427.80,428.20,419.00,420.05,20812700,407.42
2013-03-01,438.00,438.18,429.98,430.47,19730300,417.52
2013-02-28,444.05,447.87,441.40,441.40,11518400,428.12
2013-02-27,448.43,452.44,440.65,444.57,20976800,431.20
2013-02-26,443.82,451.54,437.66,448.97,17910700,435.47
2013-02-25,453.85,455.12,442.57,442.80,13306400,429.48
2013-02-22,449.25,451.60,446.60,450.81,11809100,437.25
2013-02-21,446.00,449.17,442.82,446.06,15970800,432.64
2013-02-20,457.69,457.69,448.80,448.85,17010800,435.35
2013-02-19,461.10,462.73,453.85,459.99,15563700,446.16
2013-02-15,468.85,470.16,459.92,460.16,13990900,446.32
2013-02-14,464.52,471.64,464.02,466.59,12688400,452.56
2013-02-13,467.21,473.64,463.22,467.01,16971700,452.96
2013-02-12,479.51,482.38,467.74,467.90,21751900,453.83
2013-02-11,476.50,484.94,473.25,479.93,18481800,465.50
2013-02-08,474.00,478.81,468.25,474.98,22612800,460.69
2013-02-07,463.25,470.00,454.12,468.22,25163600,454.14
2013-02-06,456.47,466.50,452.58,457.35,21203800,441.02
2013-02-05,444.05,459.74,442.22,457.84,20476700,441.50
2013-02-04,453.91,455.94,442.00,442.32,17039900,426.53
2013-02-01,459.11,459.48,448.35,453.62,19267300,437.43
2013-01-31,456.98,459.28,454.98,455.49,11404800,439.23
2013-01-30,457.00,462.60,454.50,456.83,14898400,440.52
2013-01-29,458.50,460.20,452.12,458.27,20398500,441.91
2013-01-28,437.83,453.21,435.86,449.83,28054200,433.77
2013-01-25,451.69,456.23,435.00,439.88,43143800,424.18
2013-01-24,460.00,465.73,450.25,450.50,52173300,434.42
2013-01-23,508.81,514.99,504.77,514.01,30768200,495.66
2013-01-22,504.56,507.88,496.63,504.77,16483800,486.75
2013-01-18,498.52,502.22,496.40,500.00,16890100,482.15
2013-01-17,510.31,510.75,502.03,502.68,16202800,484.74
2013-01-16,494.64,509.44,492.50,506.09,24671600,488.02
2013-01-15,498.30,498.99,483.38,485.92,31313300,468.57
2013-01-14,502.68,507.50,498.51,501.75,26221700,483.84
2013-01-11,521.00,525.32,519.02,520.30,12518100,501.73
2013-01-10,528.55,528.72,515.52,523.51,21469500,504.82
2013-01-09,522.50,525.01,515.99,517.10,14557300,498.64
2013-01-08,529.21,531.89,521.25,525.31,16382400,506.56
2013-01-07,522.00,529.30,515.20,523.90,17291300,505.20
2013-01-04,536.97,538.63,525.83,527.00,21226200,508.19
2013-01-03,547.88,549.67,541.00,542.10,12605900,522.75
2013-01-02,553.82,555.00,541.63,549.03,20018500,529.43
2012-12-31,510.53,535.40,509.00,532.17,23553300,513.17
2012-12-28,510.29,514.48,508.12,509.59,12652800,491.40
2012-12-27,513.54,516.25,504.66,515.06,16254300,496.67
2012-12-26,519.00,519.46,511.12,513.00,10801300,494.69
2012-12-24,520.35,524.25,518.71,520.17,6276900,501.60
2012-12-21,512.47,519.67,510.24,519.33,21295300,500.79
2012-12-20,530.00,530.20,518.88,521.73,17203200,503.11
2012-12-19,531.47,533.70,525.50,526.31,16048900,507.52
2012-12-18,525.00,534.90,520.25,533.90,22345900,514.84
2012-12-17,508.93,520.00,501.23,518.83,27057400,500.31
2012-12-14,514.75,518.13,505.58,509.79,36056400,491.59
2012-12-13,531.15,537.64,525.80,529.69,22330700,510.78
2012-12-12,547.77,548.00,536.27,539.00,17398000,519.76
2012-12-11,539.77,549.56,537.37,541.39,21155200,522.06
2012-12-10,525.00,538.51,521.58,529.82,22517300,510.91
2012-12-07,553.40,555.20,530.00,533.25,28108600,514.22
2012-12-06,528.94,553.31,518.63,547.24,42043300,527.71
2012-12-05,568.91,569.25,538.77,538.79,37308500,519.56
2012-12-04,581.80,581.80,572.13,575.85,19895300,555.29
2012-12-03,593.65,594.59,585.50,586.19,13010000,565.27
2012-11-30,586.79,588.40,582.68,585.28,13975700,564.39
2012-11-29,590.22,594.25,585.25,589.36,18382100,568.32
2012-11-28,577.27,585.80,572.26,582.94,18602300,562.13
2012-11-27,589.55,590.42,580.10,584.78,19047500,563.91
2012-11-26,575.90,590.00,573.71,589.53,22520700,568.49
2012-11-23,567.17,572.00,562.60,571.50,9743800,551.10
2012-11-21,564.25,567.37,556.60,561.70,13321500,541.65
2012-11-20,571.91,571.95,554.58,560.91,22955500,540.89
2012-11-19,540.71,567.50,539.88,565.73,29404200,545.54
2012-11-16,525.20,530.00,505.75,527.68,45246200,508.84
2012-11-15,537.53,539.50,522.62,525.62,28211100,506.86
2012-11-14,545.50,547.45,536.18,536.88,17041800,517.72
2012-11-13,538.91,550.48,536.36,542.90,19033900,523.52
2012-11-12,554.15,554.50,538.65,542.83,18421500,523.45
2012-11-09,540.42,554.88,533.72,547.06,33211200,527.53
2012-11-08,560.63,562.23,535.29,537.75,37719500,518.55
2012-11-07,573.84,574.54,555.75,558.00,28344600,538.08
2012-11-06,590.23,590.74,580.09,582.85,13389900,559.49
2012-11-05,583.52,587.77,577.60,584.62,18897700,561.19
2012-11-02,595.89,596.95,574.75,576.80,21406200,553.68
2012-11-01,598.22,603.00,594.17,596.54,12903500,572.63
2012-10-31,594.88,601.96,587.70,595.32,18214400,571.46
2012-10-26,609.43,614.00,591.00,604.00,36372600,579.79
2012-10-25,620.00,622.00,605.55,609.54,23440200,585.11
2012-10-24,621.44,626.55,610.64,616.83,19947400,592.11
2012-10-23,631.00,633.90,611.70,613.36,25255200,588.78
2012-10-22,612.42,635.38,610.76,634.03,19526100,608.62
2012-10-19,631.05,631.77,609.62,609.84,26574500,585.40
2012-10-18,639.59,642.06,630.00,632.64,17022300,607.28
2012-10-17,648.87,652.79,644.00,644.61,13894200,618.77
2012-10-16,635.37,650.30,631.00,649.79,19634700,623.75
2012-10-15,632.35,635.13,623.85,634.76,15446500,609.32
2012-10-12,629.56,635.38,625.30,629.71,16429100,604.47
2012-10-11,646.50,647.20,628.10,628.10,19502900,602.93
2012-10-10,639.74,644.98,637.00,640.91,18227000,615.22
2012-10-09,638.65,640.49,623.55,635.85,29949900,610.36
2012-10-08,646.88,647.56,636.11,638.17,22785500,612.59
2012-10-05,665.20,666.00,651.28,652.59,21214500,626.43
2012-10-04,671.25,674.25,665.55,666.80,13240200,640.07
2012-10-03,664.86,671.86,662.63,671.45,15152900,644.54
2012-10-02,661.81,666.35,650.65,661.31,22428300,634.80
2012-10-01,671.16,676.75,656.50,659.39,19414100,632.96
2012-09-28,678.75,681.11,666.75,667.10,19111100,640.36
2012-09-27,664.29,682.17,660.35,681.32,21217500,654.01
2012-09-26,668.74,672.69,661.20,665.18,20589400,638.52
2012-09-25,688.26,692.78,673.00,673.54,18528200,646.54
2012-09-24,686.86,695.12,683.00,690.79,22848800,663.10
2012-09-21,702.41,705.07,699.36,700.09,20413900,672.03
2012-09-20,699.16,700.06,693.62,698.70,12020300,670.70
2012-09-19,700.26,703.99,699.57,702.10,11674100,673.96
2012-09-18,699.88,702.33,696.42,701.91,13339400,673.78
2012-09-17,699.35,699.80,694.61,699.78,14215400,671.73
2012-09-14,689.96,696.98,687.89,691.28,21445500,663.57
2012-09-13,677.37,685.50,674.77,682.98,21370000,655.61
2012-09-12,666.85,669.90,656.00,669.79,25436900,642.94
2012-09-11,665.11,670.10,656.50,660.59,17999400,634.11
2012-09-10,680.45,683.29,662.10,662.74,17428500,636.18
2012-09-07,678.05,682.48,675.77,680.44,11773800,653.17
2012-09-06,673.17,678.29,670.80,676.27,13971300,649.16
2012-09-05,675.57,676.35,669.60,670.23,12013400,643.37
2012-09-04,665.76,675.14,664.50,674.97,13139000,647.92
2012-08-31,667.25,668.60,657.25,665.24,12082900,638.58
2012-08-30,670.64,671.55,662.85,663.87,10810700,637.26
2012-08-29,675.25,677.67,672.60,673.47,7243100,646.48
2012-08-28,674.98,676.10,670.67,674.80,9550600,647.75
2012-08-27,679.99,680.87,673.54,675.68,15250300,648.60
2012-08-24,659.51,669.48,655.55,663.22,15619300,636.64
2012-08-23,666.11,669.90,661.15,662.63,15004600,636.07
2012-08-22,654.42,669.00,648.11,668.87,20190100,642.06
2012-08-21,670.82,674.88,650.33,656.06,29025700,629.76
2012-08-20,650.01,665.15,649.90,665.15,21906600,638.49
2012-08-17,640.00,648.19,638.81,648.11,15812900,622.13
2012-08-16,631.21,636.76,630.50,636.34,9090500,610.84
2012-08-15,631.30,634.00,627.75,630.83,9190800,605.55
2012-08-14,631.87,638.61,630.21,631.69,12148900,606.37
2012-08-13,623.39,630.00,623.25,630.00,9958300,604.75
2012-08-10,618.71,621.76,618.70,621.70,6962100,596.78
2012-08-09,617.85,621.73,617.80,620.73,7915800,595.85
2012-08-08,619.39,623.88,617.10,619.86,8739500,592.47
2012-08-07,622.77,625.00,618.04,620.91,10373100,593.48
2012-08-06,617.29,624.87,615.26,622.55,10789400,595.04
2012-08-03,613.63,617.98,611.56,615.70,12318600,588.50
2012-08-02,602.84,610.69,600.25,607.79,11862800,580.94
2012-08-01,615.91,616.40,603.00,606.81,13732200,580.00
2012-07-31,603.23,611.70,602.72,610.76,16511700,583.77
2012-07-30,590.92,599.44,587.82,595.03,13540800,568.74
2012-07-27,575.01,585.83,571.59,585.16,14426300,559.31
2012-07-26,579.76,580.40,570.36,574.88,14522600,549.48
2012-07-25,574.46,580.80,570.00,574.97,31332600,549.57
2012-07-24,607.38,609.68,598.51,600.92,20183300,574.37
2012-07-23,594.40,605.90,587.71,603.83,17427700,577.15
2012-07-20,613.03,614.44,603.70,604.30,14195400,577.60
2012-07-19,611.28,615.35,606.00,614.32,15602200,587.18
2012-07-18,606.59,608.34,603.56,606.26,9025000,579.47
2012-07-17,610.79,611.50,603.15,606.94,10486600,580.12
2012-07-16,605.12,611.62,605.02,606.91,10759300,580.09
2012-07-13,602.95,607.19,600.00,604.97,11122400,578.24
2012-07-12,600.24,603.47,592.68,598.90,15287200,572.44
2012-07-11,606.12,607.66,597.22,604.43,16761500,577.72
2012-07-10,617.97,619.87,605.31,608.21,18284200,581.34
2012-07-09,605.30,613.90,604.11,613.89,13550200,586.77
2012-07-06,607.09,608.44,601.58,605.88,14961800,579.11
2012-07-05,600.56,614.34,599.65,609.94,17299400,582.99
2012-07-03,594.88,600.00,594.00,599.41,8632600,572.93
2012-07-02,584.73,593.47,583.60,592.52,14289000,566.34
2012-06-29,578.00,584.00,574.25,584.00,15053600,558.20
2012-06-28,571.67,574.00,565.61,569.05,10101300,543.91
2012-06-27,575.00,576.74,571.92,574.50,7249900,549.12
2012-06-26,571.33,574.49,567.33,572.03,9876300,546.76
2012-06-25,577.30,579.80,570.37,570.77,10870800,545.55
2012-06-22,579.04,582.19,575.42,582.10,10159700,556.38
2012-06-21,585.44,588.22,577.44,577.67,11655400,552.15
2012-06-20,588.21,589.25,580.80,585.74,12819400,559.86
2012-06-19,583.40,590.00,583.10,587.41,12907300,561.46
2012-06-18,570.96,587.89,570.37,585.78,15729000,559.90
2012-06-15,571.00,574.62,569.55,574.13,11973400,548.76
2012-06-14,571.24,573.50,567.26,571.53,12341900,546.28
2012-06-13,574.52,578.48,570.38,572.16,10485000,546.88
2012-06-12,574.46,576.62,566.70,576.16,15549300,550.70
2012-06-11,587.72,588.50,570.63,571.17,21116600,545.93
2012-06-08,571.60,580.58,569.00,580.32,12411300,554.68
2012-06-07,577.29,577.32,570.50,571.72,13563100,546.46
2012-06-06,567.77,573.85,565.50,571.46,14337700,546.21
2012-06-05,561.27,566.47,558.33,562.83,13864800,537.96
2012-06-04,561.50,567.50,548.50,564.29,19892700,539.36
2012-06-01,569.16,572.65,560.52,560.99,18606700,536.20
2012-05-31,580.74,581.50,571.46,577.73,17559800,552.20
2012-05-30,569.20,579.99,566.56,579.17,18908200,553.58
2012-05-29,570.90,574.00,565.31,572.27,13589600,546.98
2012-05-25,564.59,565.85,558.47,562.29,11732400,537.45
2012-05-24,575.87,576.50,561.23,565.32,17722500,540.34
2012-05-23,557.50,572.80,553.23,570.56,20889200,545.35
2012-05-22,569.55,573.88,552.58,556.97,24816800,532.36
2012-05-21,534.50,561.54,534.05,561.28,22539500,536.48
2012-05-18,533.96,543.41,522.18,530.38,26153300,506.95
2012-05-17,545.31,547.50,530.12,530.12,25615000,506.70
2012-05-16,554.05,556.89,541.04,546.08,20032000,521.95
2012-05-15,561.45,563.22,551.75,553.17,17012000,528.73
2012-05-14,562.57,567.51,557.60,558.22,12593800,533.56
2012-05-11,565.00,574.47,564.35,566.71,14269500,541.67
2012-05-10,574.58,575.88,568.44,570.52,11900000,545.31
2012-05-09,563.70,573.98,560.85,569.18,17168000,544.03
2012-05-08,569.58,571.50,558.73,568.18,17759000,543.08
2012-05-07,561.50,572.77,561.23,569.48,16432800,544.32
2012-05-04,577.08,578.36,565.17,565.25,18928300,540.27
2012-05-03,590.50,591.40,580.30,581.82,13948200,556.11
2012-05-02,580.24,587.40,578.86,585.98,15263900,560.09
2012-05-01,584.90,596.76,581.23,582.13,21821400,556.41
2012-04-30,597.80,598.40,583.00,583.98,18076600,558.18
2012-04-27,605.07,606.18,600.50,603.00,14525800,576.36
2012-04-26,614.27,614.69,602.13,607.70,19145300,580.85
2012-04-25,615.64,618.00,606.00,610.00,32349200,583.05
2012-04-24,562.61,567.69,555.00,560.28,38433900,535.52
2012-04-23,570.61,576.67,556.62,571.70,34518900,546.44
2012-04-20,591.38,594.62,570.42,572.98,36820900,547.66
2012-04-19,600.22,604.73,584.52,587.44,29811400,561.48
2012-04-18,613.72,620.25,602.71,608.34,34090400,581.46
2012-04-17,578.94,610.00,571.91,609.70,36626000,582.76
2012-04-16,610.06,610.28,578.25,580.13,37528100,554.50
2012-04-13,624.11,624.70,603.51,605.23,30701600,578.49
2012-04-12,625.00,631.33,620.50,622.77,21940600,595.25
2012-04-11,636.20,636.87,623.34,626.20,24879100,598.53
2012-04-10,639.93,644.00,626.00,628.44,31775900,600.67
2012-04-09,626.13,639.84,625.30,636.23,21340600,608.12
2012-04-05,626.98,634.66,623.40,633.68,22903500,605.68
2012-04-04,624.35,625.86,617.00,624.31,20463600,596.73
2012-04-03,627.30,632.21,622.51,629.32,29805700,601.51
2012-04-02,601.83,618.77,600.38,618.63,21369700,591.30
2012-03-30,608.77,610.56,597.94,599.55,26108500,573.06
2012-03-29,612.78,616.56,607.23,609.86,21722800,582.91
2012-03-28,618.38,621.45,610.31,617.62,23409300,590.33
2012-03-27,606.18,616.28,606.06,614.48,21683200,587.33
2012-03-26,599.79,607.15,595.26,606.98,21276500,580.16
2012-03-23,600.49,601.80,594.40,596.05,15374600,569.71
2012-03-22,597.78,604.50,595.53,599.34,22281100,572.86
2012-03-21,602.74,609.65,601.41,602.50,23001500,575.88
2012-03-20,599.51,606.90,591.48,605.96,29166500,579.19
2012-03-19,598.37,601.77,589.05,601.10,32187000,574.54
2012-03-16,584.72,589.20,578.00,585.57,29481700,559.70
2012-03-15,599.61,600.01,578.55,585.56,41418500,559.69
2012-03-14,578.05,594.72,575.40,589.58,50673000,563.53
2012-03-13,557.54,568.18,555.75,568.10,24673400,543.00
2012-03-12,548.98,552.00,547.00,552.00,14545800,527.61
2012-03-09,544.21,547.74,543.11,545.17,14961400,521.08
2012-03-08,534.69,542.99,532.12,541.99,18444900,518.04
2012-03-07,536.80,537.78,523.30,530.69,28518600,507.24
2012-03-06,523.66,533.69,516.22,530.26,28937100,506.83
2012-03-05,545.42,547.48,526.00,533.16,28897300,509.60
2012-03-02,544.24,546.80,542.52,545.18,15418300,521.09
2012-03-01,548.17,548.21,538.77,544.47,24402500,520.41
2012-02-29,541.56,547.61,535.70,542.44,34000400,518.47
2012-02-28,527.96,535.41,525.85,535.41,21442400,511.75
2012-02-27,521.31,528.50,516.28,525.76,19556500,502.53
2012-02-24,519.67,522.90,518.64,522.41,14824000,499.33
2012-02-23,515.08,517.83,509.50,516.39,20286700,493.57
2012-02-22,513.08,515.49,509.07,513.04,17260800,490.37
2012-02-21,506.88,514.85,504.12,514.85,21628400,492.10
2012-02-17,503.11,507.77,500.30,502.12,19135900,479.93
2012-02-16,491.50,504.89,486.63,502.21,33734000,480.02
2012-02-15,514.26,526.29,496.89,497.67,53790000,475.68
2012-02-14,504.66,509.56,502.00,509.46,16442800,486.95
2012-02-13,499.53,503.83,497.09,502.60,18472000,480.39
2012-02-10,490.96,497.62,488.55,493.42,22546500,471.62
2012-02-09,480.76,496.75,480.56,493.17,31579100,471.38
2012-02-08,470.50,476.79,469.70,476.68,14567500,455.62
2012-02-07,465.25,469.75,464.58,468.83,11293700,448.12
2012-02-06,458.38,464.98,458.20,463.97,8907600,443.47
2012-02-03,457.30,460.00,455.56,459.68,10235700,439.37
2012-02-02,455.90,457.17,453.98,455.12,6671300,435.01
2012-02-01,458.41,458.99,455.55,456.19,9644500,436.03
2012-01-31,455.59,458.24,453.07,456.48,13988700,436.31
2012-01-30,445.71,453.90,445.39,453.01,13547900,432.99
2012-01-27,444.34,448.48,443.77,447.28,10703900,427.52
2012-01-26,448.36,448.79,443.14,444.63,11570900,424.98
2012-01-25,454.44,454.45,443.73,446.66,34225500,426.92
2012-01-24,425.10,425.10,419.55,420.41,19558500,401.83
2012-01-23,422.67,428.45,422.30,427.41,10930800,408.53
2012-01-20,427.49,427.50,419.75,420.30,14784800,401.73
2012-01-19,430.15,431.37,426.51,427.75,9347800,408.85
2012-01-18,426.96,429.47,426.30,429.11,9885400,410.15
2012-01-17,424.20,425.99,422.96,424.70,8674900,405.94
2012-01-13,419.70,420.45,418.66,419.81,8072200,401.26
2012-01-12,422.28,422.90,418.75,421.39,7592400,402.77
2012-01-11,422.68,422.85,419.31,422.55,7681600,403.88
2012-01-10,425.91,426.00,421.50,423.24,9221300,404.54
2012-01-09,425.50,427.75,421.35,421.73,14072300,403.10
2012-01-06,419.77,422.75,419.22,422.40,11367600,403.74
2012-01-05,414.95,418.55,412.67,418.03,9688200,399.56
2012-01-04,410.00,414.68,409.28,413.44,9286500,395.17
2012-01-03,409.40,412.50,409.00,411.23,10793600,393.06
2011-12-30,403.51,406.28,403.49,405.00,6416500,387.11
2011-12-29,403.40,405.65,400.51,405.12,7713500,387.22
2011-12-28,406.89,408.25,401.34,402.64,8166500,384.85
2011-12-27,403.10,409.09,403.02,406.53,9467000,388.57
2011-12-23,399.69,403.59,399.49,403.33,9621400,385.51
2011-12-22,397.00,399.13,396.10,398.55,7227100,380.94
2011-12-21,396.69,397.30,392.01,396.45,9391000,378.93
2011-12-20,387.76,396.10,387.26,395.95,12043400,378.46
2011-12-19,382.47,384.85,380.48,382.21,8411800,365.32
2011-12-16,380.36,384.15,379.57,381.02,15052800,364.18
2011-12-15,383.33,383.74,378.31,378.94,9150000,362.20
2011-12-14,386.70,387.38,377.68,380.19,14531700,363.39
2011-12-13,393.00,395.40,387.10,388.81,12104600,371.63
2011-12-12,391.68,393.90,389.45,391.84,10752400,374.53
2011-12-09,392.85,394.04,391.03,393.62,10606900,376.23
2011-12-08,391.45,395.50,390.23,390.66,13441300,373.40
2011-12-07,389.93,390.94,386.76,389.09,10883800,371.90
2011-12-06,392.51,394.63,389.38,390.95,10128500,373.68
2011-12-05,393.49,396.41,390.39,393.01,12757500,375.65
2011-12-02,389.83,393.63,388.58,389.70,13537700,372.48
2011-12-01,382.54,389.00,380.75,387.93,13827900,370.79
2011-11-30,381.29,382.28,378.30,382.20,14497800,365.31
2011-11-29,375.84,378.83,370.20,373.20,13423400,356.71
2011-11-28,372.35,376.72,370.33,376.12,12371900,359.50
2011-11-25,368.42,371.15,363.32,363.57,9098600,347.51
2011-11-23,374.51,375.84,366.88,366.99,15295400,350.77
2011-11-22,371.02,377.93,370.94,376.51,14607900,359.87
2011-11-21,370.40,371.68,365.91,369.01,15999300,352.71
2011-11-18,378.92,379.99,374.88,374.94,13283500,358.37
2011-11-17,383.98,384.58,375.50,377.41,17139300,360.73
2011-11-16,389.25,391.14,384.32,384.77,12471800,367.77
2011-11-15,380.80,389.50,379.45,388.83,15386100,371.65
2011-11-14,383.52,385.25,378.20,379.26,15460900,362.50
2011-11-11,386.61,388.70,380.26,384.62,23349500,367.63
2011-11-10,397.03,397.21,382.15,385.22,26598300,368.20
2011-11-09,396.97,400.89,394.23,395.28,19953000,377.81
2011-11-08,402.21,408.00,401.56,406.23,14301500,388.28
2011-11-07,399.91,400.00,396.13,399.73,9652700,382.07
2011-11-04,402.03,403.44,399.16,400.24,10793900,382.56
2011-11-03,399.07,403.40,395.36,403.07,15763800,385.26
2011-11-02,400.09,400.44,395.11,397.41,11691100,379.85
2011-11-01,397.41,399.50,393.22,396.51,18992500,378.99
2011-10-31,402.42,409.33,401.05,404.78,13767900,386.90
2011-10-28,403.00,406.35,402.51,404.95,11530100,387.06
2011-10-27,407.56,409.00,401.89,404.69,17666600,386.81
2011-10-26,401.76,402.55,393.15,400.60,16296600,382.90
2011-10-25,405.03,406.55,397.38,397.77,15372400,380.19
2011-10-24,396.18,406.50,395.40,405.77,17933500,387.84
2011-10-21,398.10,399.14,390.75,392.87,22187300,375.51
2011-10-20,400.00,400.35,394.21,395.31,19616800,377.84
2011-10-19,401.35,408.42,397.80,398.62,39430700,381.01
2011-10-18,421.76,424.81,415.99,422.24,31485800,403.58
2011-10-17,421.74,426.70,415.94,419.99,24501600,401.43
2011-10-14,416.83,422.00,415.27,422.00,20477400,403.35
2011-10-13,404.98,408.43,402.85,408.43,15220900,390.38
2011-10-12,407.34,409.25,400.14,402.19,22224500,384.42
2011-10-11,392.57,403.18,391.50,400.29,21631700,382.60
2011-10-10,379.09,388.81,378.21,388.81,15804100,371.63
2011-10-07,375.78,377.74,368.49,369.80,19123500,353.46
2011-10-06,373.33,384.78,371.80,377.37,29020800,360.70
2011-10-05,367.86,379.82,360.30,378.25,28088200,361.54
2011-10-04,374.57,381.80,354.24,372.50,44059900,356.04
2011-10-03,380.37,382.64,373.17,374.60,23896400,358.05
2011-09-30,387.12,388.89,381.18,381.32,19558600,364.47
2011-09-29,401.92,402.21,386.21,390.57,23253100,373.31
2011-09-28,400.19,403.74,396.51,397.01,15344200,379.47
2011-09-27,408.73,409.25,398.06,399.26,22589200,381.62
2011-09-26,399.86,403.98,391.30,403.17,29031300,385.36
2011-09-23,400.28,406.74,399.85,404.30,19509900,386.44
2011-09-22,401.03,409.82,396.70,401.82,34588600,384.07
2011-09-21,419.64,421.59,412.00,412.14,21642000,393.93
2011-09-20,415.25,422.86,411.19,413.45,27705500,395.18
2011-09-19,397.00,413.23,395.20,411.63,29423600,393.44
2011-09-16,395.54,400.50,395.03,400.50,24946900,382.80
2011-09-15,391.43,393.66,389.90,392.96,14922100,375.60
2011-09-14,387.02,392.21,385.76,389.30,19097300,372.10
2011-09-13,382.14,386.21,380.25,384.62,15734300,367.63
2011-09-12,373.00,380.88,371.90,379.94,16708300,363.15
2011-09-09,383.93,386.00,375.02,377.48,20171900,360.80
2011-09-08,382.40,388.61,382.31,384.14,14862800,367.17
2011-09-07,385.56,385.60,382.00,383.93,12520600,366.97
2011-09-06,367.37,380.33,366.48,379.74,18203500,362.96
2011-09-02,374.74,378.00,371.83,374.05,15676400,357.52
2011-09-01,385.82,387.34,380.72,381.03,12275900,364.19
2011-08-31,390.57,392.08,381.86,384.83,18663800,367.83
2011-08-30,388.25,391.84,386.21,389.99,14925800,372.76
2011-08-29,388.18,391.50,388.00,389.97,14473900,372.74
2011-08-26,371.17,383.80,370.80,383.58,22909900,366.63
2011-08-25,365.08,375.45,365.00,373.72,31119500,357.21
2011-08-24,373.47,378.96,370.60,376.18,22366700,359.56
2011-08-23,360.30,373.64,357.00,373.60,23458400,357.09
2011-08-22,364.51,364.88,355.09,356.44,19118400,340.69
2011-08-19,362.17,367.00,356.00,356.03,27710300,340.30
2011-08-18,370.84,372.65,361.37,366.05,30408400,349.88
2011-08-17,382.31,384.52,378.00,380.44,15787900,363.63
2011-08-16,381.52,383.37,376.06,380.48,17812500,363.67
2011-08-15,379.63,384.97,378.09,383.41,16448000,366.47
2011-08-12,378.07,379.64,374.23,376.99,18892000,360.33
2011-08-11,370.52,375.45,364.72,373.70,26498900,357.19
2011-08-10,371.15,374.65,362.50,363.69,31380600,347.62
2011-08-09,361.30,374.61,355.00,374.01,38663700,357.48
2011-08-08,361.69,367.77,353.02,353.21,40851200,337.60
2011-08-05,380.44,383.50,362.57,373.62,43021100,357.11
2011-08-04,389.41,391.32,377.35,377.37,31121700,360.70
2011-08-03,390.98,393.55,382.24,392.57,26161000,375.22
2011-08-02,397.65,397.90,388.35,388.91,22840700,371.73
2011-08-01,397.78,399.50,392.37,396.75,21887000,379.22
2011-07-29,387.64,395.15,384.00,390.48,22592300,373.23
2011-07-28,391.62,396.99,388.13,391.82,21215500,374.51
2011-07-27,400.59,402.64,392.15,392.59,23547300,375.24
2011-07-26,400.00,404.50,399.68,403.41,17020800,385.59
2011-07-25,390.35,400.00,389.62,398.50,21064500,380.89
2011-07-22,388.32,395.05,387.75,393.30,18454600,375.92
2011-07-21,386.95,390.06,383.90,387.29,18804800,370.18
2011-07-20,396.12,396.27,386.00,386.90,33619300,369.81
2011-07-19,378.00,378.65,373.32,376.85,29255200,360.20
2011-07-18,365.43,374.65,365.28,373.80,20451900,357.28
2011-07-15,361.17,365.00,359.17,364.92,17302400,348.80
2011-07-14,361.01,361.61,356.34,357.77,15376200,341.96
2011-07-13,358.33,360.00,356.38,358.02,13987100,342.20
2011-07-12,353.53,357.68,348.62,353.75,16128900,338.12
2011-07-11,356.34,359.77,352.82,354.00,15809800,338.36
2011-07-08,353.34,360.00,352.20,359.71,17486900,343.82
2011-07-07,354.67,358.00,354.00,357.20,14273700,341.42
2011-07-06,348.95,354.10,346.71,351.76,15879500,336.22
2011-07-05,343.00,349.83,342.50,349.43,12680500,333.99
2011-07-01,335.95,343.50,334.20,343.26,15546900,328.09
2011-06-30,334.70,336.13,332.84,335.67,11534100,320.84
2011-06-29,336.04,336.37,331.88,334.04,12590900,319.28
2011-06-28,333.65,336.70,333.44,335.26,10510700,320.45
2011-06-27,327.59,333.90,327.25,332.04,12136200,317.37
2011-06-24,331.37,333.15,325.09,326.35,15707400,311.93
2011-06-23,318.94,331.69,318.12,331.23,19991400,316.59
2011-06-22,325.16,328.90,322.38,322.61,13949400,308.36
2011-06-21,316.68,325.80,315.20,325.30,17620800,310.93
2011-06-20,317.36,317.70,310.50,315.32,22880200,301.39
2011-06-17,328.99,329.25,319.36,320.26,21965000,306.11
2011-06-16,326.90,328.68,318.33,325.16,18235400,310.79
2011-06-15,329.75,330.30,324.88,326.75,14257000,312.31
2011-06-14,330.00,333.25,329.31,332.44,11948900,317.75
2011-06-13,327.20,328.31,325.07,326.60,11766900,312.17
2011-06-10,330.55,331.66,325.51,325.90,15498400,311.50
2011-06-09,333.25,333.67,330.75,331.49,9824600,316.84
2011-06-08,331.78,334.80,330.65,332.24,11918700,317.56
2011-06-07,338.17,338.22,331.90,332.04,18920900,317.37
2011-06-06,345.70,347.05,337.81,338.04,16497900,323.10
2011-06-03,343.18,345.33,342.01,343.44,11187500,328.27
2011-06-02,346.50,347.98,344.30,346.10,12099400,330.81
2011-06-01,348.87,352.13,344.65,345.51,19810100,330.24
2011-05-31,341.10,347.83,341.00,347.83,14919800,332.46
2011-05-27,334.80,337.63,334.31,337.41,7271400,322.50
2011-05-26,335.97,336.89,334.43,335.00,7948600,320.20
2011-05-25,333.43,338.56,332.85,336.78,10508000,321.90
2011-05-24,335.50,335.90,331.34,332.19,11497400,317.51
2011-05-23,329.97,335.98,329.42,334.40,13700000,319.62
2011-05-20,339.56,340.95,335.02,335.22,12070300,320.41
2011-05-19,342.08,342.41,338.67,340.53,9327500,325.48
2011-05-18,336.47,341.05,336.00,339.87,11956300,324.85
2011-05-17,332.00,336.14,330.73,336.14,16154800,321.29
2011-05-16,339.20,341.22,332.60,333.30,16063400,318.57
2011-05-13,345.66,346.25,340.35,340.50,11647000,325.46
2011-05-12,346.12,347.12,342.27,346.57,11500000,331.26
2011-05-11,349.02,350.00,345.24,347.23,12000000,331.89
2011-05-10,348.89,349.69,346.66,349.45,10074700,334.01
2011-05-09,347.86,349.20,346.53,347.60,7312400,332.24
2011-05-06,349.69,350.00,346.21,346.66,10004800,331.34
2011-05-05,348.40,350.95,346.05,346.75,11998900,331.43
2011-05-04,348.26,351.83,346.88,349.57,13901800,334.12
2011-05-03,347.99,349.89,345.62,348.20,11191000,332.82
2011-05-02,349.74,350.47,345.50,346.28,15811200,330.98
2011-04-29,346.78,353.95,346.67,350.13,35940900,334.66
2011-04-28,346.19,349.75,345.52,346.75,12891400,331.43
2011-04-27,352.24,352.35,347.10,350.15,12721900,334.68
2011-04-26,353.62,354.99,349.35,350.42,12100000,334.94
2011-04-25,350.34,353.75,350.30,353.01,9519500,337.41
2011-04-21,355.00,355.13,348.52,350.70,26921800,335.20
2011-04-20,343.51,345.75,341.50,342.41,25023800,327.28
2011-04-19,333.10,337.98,331.71,337.86,14977800,322.93
2011-04-18,326.10,332.23,320.16,331.85,21782100,317.19
2011-04-15,333.30,333.64,326.80,327.46,16200200,312.99
2011-04-14,334.80,336.00,332.06,332.42,10778600,317.73
2011-04-13,335.02,336.14,332.52,336.13,12365000,321.28
2011-04-12,330.49,333.73,330.20,332.40,15201400,317.71
2011-04-11,334.06,335.67,330.02,330.80,14248100,316.18
2011-04-08,339.92,340.15,333.95,335.06,13483400,320.26
2011-04-07,338.10,340.43,336.03,338.08,13337400,323.14
2011-04-06,341.22,343.90,337.14,338.04,14376400,323.10
2011-04-05,336.99,342.25,336.00,338.89,17240400,323.92
2011-04-04,344.31,344.60,338.40,341.19,16431600,326.11
2011-04-01,351.11,351.59,343.30,344.56,14952200,329.34
2011-03-31,346.36,349.80,346.06,348.51,9786400,333.11
2011-03-30,350.64,350.88,347.44,348.63,11764500,333.23
2011-03-29,347.66,350.96,346.06,350.96,12603600,335.45
2011-03-28,353.15,354.32,350.44,350.44,11048400,334.96
2011-03-25,348.07,352.06,347.02,351.54,16032500,336.01
2011-03-24,341.85,346.00,338.86,344.97,14454000,329.73
2011-03-23,339.28,340.22,335.95,339.19,13321300,324.20
2011-03-22,342.56,342.62,339.14,341.20,11640100,326.12
2011-03-21,335.99,339.74,335.26,339.30,14621500,324.31
2011-03-18,337.13,338.20,330.00,330.67,26900500,316.06
2011-03-17,336.83,339.61,330.66,334.64,23550800,319.85
2011-03-16,342.00,343.00,326.26,330.01,41500400,315.43
2011-03-15,342.10,347.84,340.10,345.43,25752900,330.17
2011-03-14,353.18,356.48,351.31,353.56,15569900,337.94
2011-03-11,345.33,352.32,345.00,351.99,16824300,336.44
2011-03-10,349.12,349.77,344.90,346.67,18126400,331.35
2011-03-09,354.69,354.76,350.60,352.47,16189500,336.90
2011-03-08,354.91,357.40,352.25,355.76,12725600,340.04
2011-03-07,361.40,361.67,351.31,355.36,19504400,339.66
2011-03-04,360.07,360.29,357.75,360.00,16188100,344.09
2011-03-03,357.19,359.79,355.92,359.56,17885300,343.67
2011-03-02,349.96,354.35,348.40,352.12,21521100,336.56
2011-03-01,355.47,355.72,347.68,349.31,16290600,333.88
2011-02-28,351.24,355.05,351.12,353.21,14395500,337.60
2011-02-25,345.26,348.43,344.80,348.16,13572100,332.78
2011-02-24,344.02,345.15,338.37,342.88,17853600,327.73
2011-02-23,338.77,344.64,338.61,342.62,23994800,327.48
2011-02-22,342.15,345.40,337.72,338.61,31162700,323.65
2011-02-18,358.71,359.50,349.52,350.56,29144900,335.07
2011-02-17,357.25,360.27,356.52,358.30,18949400,342.47
2011-02-16,360.80,364.90,360.50,363.13,17184200,347.09
2011-02-15,359.19,359.97,357.55,359.90,10149100,344.00
2011-02-14,356.79,359.48,356.71,359.18,11086300,343.31
2011-02-11,354.75,357.80,353.54,356.85,13127600,341.08
2011-02-10,357.39,360.00,348.00,354.54,33162500,338.87
2011-02-09,355.19,359.00,354.87,358.16,17240900,342.34
2011-02-08,353.68,355.52,352.15,355.20,13608600,339.51
2011-02-07,347.89,353.25,347.64,351.88,17322200,336.33
2011-02-04,343.64,346.70,343.51,346.50,11494300,331.19
2011-02-03,343.80,344.24,338.55,343.44,14064200,328.27
2011-02-02,344.45,345.25,343.55,344.32,9248400,329.11
2011-02-01,341.30,345.65,340.98,345.03,15236900,329.79
2011-01-31,335.80,340.04,334.30,339.32,13473100,324.33
2011-01-28,344.17,344.40,333.53,336.10,21144900,321.25
2011-01-27,343.78,344.69,342.83,343.21,10179500,328.05
2011-01-26,342.96,345.60,341.50,343.85,18102700,328.66
2011-01-25,336.33,341.44,334.57,341.40,19531000,326.32
2011-01-24,326.87,337.45,326.72,337.45,20524400,322.54
2011-01-21,333.77,334.88,326.63,326.72,26942900,312.28
2011-01-20,336.43,338.30,330.12,332.68,27313900,317.98
2011-01-19,348.35,348.60,336.88,338.84,40557600,323.87
2011-01-18,329.52,344.76,326.00,340.65,67178500,325.60
2011-01-14,345.89,348.48,344.44,348.48,11030000,333.08
2011-01-13,345.16,346.64,343.85,345.68,10599300,330.41
2011-01-12,343.25,344.43,342.00,344.42,10806800,329.20
2011-01-11,344.88,344.96,339.47,341.64,15861000,326.54
2011-01-10,338.83,343.23,337.17,342.45,16020000,327.32
2011-01-07,333.99,336.35,331.90,336.12,11140400,321.27
2011-01-06,334.72,335.25,332.90,333.73,10729600,318.98
2011-01-05,329.55,334.34,329.50,334.00,9125700,319.24
2011-01-04,332.44,332.50,328.15,331.29,11038600,316.65
2011-01-03,325.64,330.26,324.84,329.57,15897800,315.01
2010-12-31,322.95,323.48,321.31,322.56,6911000,308.31
2010-12-30,325.48,325.51,323.05,323.66,5624800,309.36
2010-12-29,326.22,326.45,325.10,325.29,5826400,310.92
2010-12-28,325.91,326.66,325.06,325.47,6283000,311.09
2010-12-27,322.85,325.44,321.52,324.68,8922000,310.33
2010-12-23,325.00,325.15,323.17,323.60,7969900,309.30
2010-12-22,324.36,325.72,323.55,325.16,9497200,310.79
2010-12-21,323.00,324.39,322.05,324.20,9155500,309.88
2010-12-20,321.60,323.25,318.23,322.21,13771800,307.97
2010-12-17,321.63,321.79,320.23,320.61,13818900,306.44
2010-12-16,321.09,322.61,320.10,321.25,11501100,307.06
2010-12-15,320.00,323.00,319.19,320.36,14904000,306.21
2010-12-14,321.73,322.54,319.00,320.29,12536000,306.14
2010-12-13,324.37,325.06,321.00,321.67,15707700,307.46
2010-12-10,319.65,321.05,318.60,320.56,9375400,306.40
2010-12-09,322.13,322.50,319.02,319.76,10505400,305.63
2010-12-08,319.63,321.02,317.11,321.01,11497700,306.83
2010-12-07,323.80,323.99,318.12,318.21,13980500,304.15
2010-12-06,318.64,322.33,318.42,320.15,16017200,306.00
2010-12-03,317.01,318.65,316.34,317.44,12217600,303.41
2010-12-02,317.53,319.00,314.89,318.15,16529900,304.09
2010-12-01,315.27,317.75,315.00,316.40,16491100,302.42
2010-11-30,313.54,314.36,310.87,311.15,17923500,297.40
2010-11-29,315.50,317.48,311.38,316.87,15920900,302.87
2010-11-26,313.74,317.70,312.94,315.00,8485200,301.08
2010-11-24,312.00,315.40,311.75,314.80,14775900,300.89
2010-11-23,310.45,311.75,306.56,308.73,18551700,295.09
2010-11-22,306.68,313.36,305.87,313.36,14038400,299.51
2010-11-19,307.97,308.40,305.24,306.73,13744400,293.18
2010-11-18,305.20,309.67,304.69,308.43,17660400,294.80
2010-11-17,301.20,303.99,297.76,300.50,17123200,287.22
2010-11-16,305.72,307.60,299.32,301.59,23487500,288.26
2010-11-15,308.46,310.54,306.27,307.04,14414500,293.47
2010-11-12,316.00,316.50,303.63,308.03,28423100,294.42
2010-11-11,315.00,318.40,314.25,316.65,12903000,302.66
2010-11-10,316.64,318.77,313.55,318.03,13722400,303.98
2010-11-09,321.05,321.30,314.50,316.08,13698000,302.11
2010-11-08,317.20,319.77,316.76,318.62,10062800,304.54
2010-11-05,317.99,319.57,316.75,317.13,12901900,303.12
2010-11-04,315.45,320.18,315.03,318.27,22946000,304.21
2010-11-03,311.37,312.88,308.53,312.80,18155300,298.98
2010-11-02,307.00,310.19,307.00,309.36,15497500,295.69
2010-11-01,302.22,305.60,302.20,304.18,15138900,290.74
2010-10-29,304.23,305.88,300.87,300.98,15375400,287.68
2010-10-28,307.95,308.00,300.90,305.24,19680400,291.75
2010-10-27,307.65,309.90,305.60,307.83,14250100,294.23
2010-10-26,306.87,309.74,305.65,308.05,14033200,294.44
2010-10-25,309.09,311.60,308.44,308.84,14016500,295.19
2010-10-22,309.07,310.04,306.30,307.47,13313500,293.88
2010-10-21,312.36,314.74,306.80,309.52,19695000,295.84
2010-10-20,309.00,314.25,306.87,310.53,25772300,296.81
2010-10-19,303.40,313.77,300.02,309.49,44028000,295.82
2010-10-18,318.47,319.00,314.29,318.00,39036100,303.95
2010-10-15,307.44,315.00,304.91,314.74,32935500,300.83
2010-10-14,301.69,302.47,300.40,302.31,15546300,288.95
2010-10-13,300.20,301.96,299.80,300.14,22503300,286.88
2010-10-12,295.41,299.50,292.49,298.54,19948000,285.35
2010-10-11,294.74,297.24,294.60,295.36,15276900,282.31
2010-10-08,291.71,294.50,290.00,294.07,23514400,281.08
2010-10-07,290.34,290.48,286.91,289.22,14585700,276.44
2010-10-06,289.59,291.99,285.26,289.19,23959600,276.41
2010-10-05,282.00,289.45,281.82,288.94,17927400,276.17
2010-10-04,281.60,282.90,277.77,278.64,15546500,266.33
2010-10-01,286.15,286.58,281.35,282.52,16005100,270.04
2010-09-30,289.00,290.00,281.25,283.75,24049700,271.21
2010-09-29,287.23,289.81,286.00,287.37,16773000,274.67
2010-09-28,291.77,291.77,275.00,286.86,36965800,274.19
2010-09-27,293.98,294.73,291.01,291.16,17244100,278.30
2010-09-24,292.10,293.53,290.55,292.32,23196000,279.40
2010-09-23,286.33,292.76,286.00,288.92,28075600,276.15
2010-09-22,282.71,287.98,282.41,287.75,20903200,275.04
2010-09-21,283.86,287.35,282.79,283.77,23859800,271.23
2010-09-20,276.08,283.78,275.85,283.23,23524200,270.72
2010-09-17,277.69,277.96,273.68,275.37,22659900,263.20
2010-09-16,270.24,276.67,269.50,276.57,23289400,264.35
2010-09-15,268.17,270.38,267.84,270.22,15334600,258.28
2010-09-14,266.21,269.17,265.52,268.06,14576800,256.22
2010-09-13,265.82,268.28,265.76,267.04,13885000,255.24
2010-09-10,263.19,264.50,261.40,263.41,13840800,251.77
2010-09-09,265.04,266.52,262.92,263.07,15663400,251.45
2010-09-08,259.78,264.39,259.10,262.92,18805400,251.30
2010-09-07,256.64,259.53,256.25,257.81,12234200,246.42
2010-09-03,255.09,258.78,254.50,258.77,18599600,247.34
2010-09-02,251.26,252.17,248.57,252.17,14836700,241.03
2010-09-01,247.47,251.46,246.28,250.33,24894200,239.27
2010-08-31,241.85,244.56,240.35,243.10,15028100,232.36
2010-08-30,240.76,245.75,240.68,242.50,13688900,231.79
2010-08-27,241.75,242.61,235.56,241.62,19585400,230.94
2010-08-26,245.45,245.75,240.28,240.28,16660900,229.66
2010-08-25,238.04,243.99,237.20,242.89,21316700,232.16
2010-08-24,242.67,243.00,238.65,239.93,21520200,229.33
2010-08-23,251.79,252.00,245.25,245.80,14787200,234.94
2010-08-20,249.39,253.92,249.00,249.64,13722500,238.61
2010-08-19,252.84,253.48,248.68,249.88,15239500,238.84
2010-08-18,252.36,254.67,251.58,253.07,12132000,241.89
2010-08-17,250.08,254.63,249.20,251.97,15094300,240.84
2010-08-16,247.58,250.01,246.62,247.64,11372500,236.70
2010-08-13,251.65,251.88,249.09,249.10,12673900,238.09
2010-08-12,246.69,253.10,246.12,251.79,19104300,240.66
2010-08-11,255.40,255.69,249.81,250.19,22144800,239.14
2010-08-10,259.85,260.45,257.55,259.41,16140000,247.95
2010-08-09,261.48,262.15,259.57,261.75,10826000,250.18
2010-08-06,259.78,261.49,257.63,260.09,15889200,248.60
2010-08-05,261.73,263.18,260.55,261.70,10324900,250.14
2010-08-04,262.84,264.28,260.31,262.98,15013400,251.36
2010-08-03,261.01,263.26,259.42,261.93,14916200,250.36
2010-08-02,260.44,262.59,259.62,261.85,15287700,250.28
2010-07-30,255.89,259.70,254.90,257.25,16007500,245.88
2010-07-29,260.71,262.65,256.10,258.11,22993100,246.71
2010-07-28,263.67,265.99,260.25,260.96,18570900,249.43
2010-07-27,260.87,264.80,260.30,264.08,20884700,252.41
2010-07-26,260.00,260.10,257.71,259.28,15019700,247.82
2010-07-23,257.09,260.38,256.28,259.94,19049600,248.45
2010-07-22,257.68,260.00,255.31,259.02,23047100,247.58
2010-07-21,265.09,265.15,254.00,254.24,42345400,243.01
2010-07-20,242.90,252.90,240.01,251.89,38391100,240.76
2010-07-19,249.88,249.88,239.60,245.58,36588500,234.73
2010-07-16,253.18,254.97,248.41,249.90,37137800,238.86
2010-07-15,248.23,256.97,247.30,251.45,29459500,240.34
2010-07-14,249.38,255.80,249.00,252.73,29001700,241.56
2010-07-13,256.32,256.40,246.43,251.80,42533000,240.67
2010-07-12,258.53,261.85,254.86,257.29,20102800,245.92
2010-07-09,256.89,259.90,255.16,259.62,15475800,248.15
2010-07-08,262.48,262.90,254.89,258.09,26362300,246.69
2010-07-07,250.49,258.77,249.75,258.67,23377000,247.24
2010-07-06,251.00,252.80,246.16,248.63,21972700,237.64
2010-07-02,250.49,250.93,243.20,246.94,24780100,236.03
2010-07-01,254.30,254.80,243.22,248.48,36532000,237.50
2010-06-30,256.71,257.97,250.01,251.53,26409000,240.42
2010-06-29,264.12,264.39,254.30,256.17,40476600,244.85
2010-06-28,266.93,269.75,264.52,268.30,20891000,256.45
2010-06-25,270.06,270.27,265.81,266.70,19640800,254.92
2010-06-24,271.00,273.20,268.10,269.00,25509900,257.11
2010-06-23,274.58,274.66,267.90,270.97,27444900,259.00
2010-06-22,272.16,275.97,271.50,273.85,25616500,261.75
2010-06-21,277.69,279.01,268.73,270.17,27731800,258.23
2010-06-18,272.25,275.00,271.42,274.07,28022200,261.96
2010-06-17,270.60,272.90,269.50,271.87,31173400,259.86
2010-06-16,261.10,267.75,260.63,267.25,27988500,255.44
2010-06-15,255.64,259.85,255.50,259.69,20895500,248.22
2010-06-14,255.96,259.15,254.01,254.28,21534300,243.04
2010-06-11,248.23,253.86,247.37,253.51,19491400,242.31
2010-06-10,244.84,250.98,242.20,250.51,27727000,239.44
2010-06-09,251.47,251.90,242.49,243.20,30522500,232.45
2010-06-08,253.24,253.80,245.65,249.33,35741800,238.31
2010-06-07,258.29,259.15,250.55,250.94,31676500,239.85
2010-06-04,258.21,261.90,254.63,255.96,27082300,244.65
2010-06-03,265.18,265.55,260.41,263.12,23218100,251.49
2010-06-02,264.54,264.80,260.33,263.95,24591000,252.29
2010-06-01,259.69,265.94,258.96,260.83,31302600,249.31
2010-05-28,259.39,259.40,253.35,256.88,29129100,245.53
2010-05-27,250.60,253.89,249.11,253.35,23795800,242.16
2010-05-26,250.08,252.13,243.75,244.11,30380500,233.32
2010-05-25,239.35,246.76,237.16,245.22,37428800,234.39
2010-05-24,247.28,250.90,246.26,246.76,26937100,235.86
2010-05-21,232.82,244.50,231.35,242.32,43710400,231.61
2010-05-20,241.88,243.85,236.21,237.76,45818400,227.25
2010-05-19,249.50,252.92,244.85,248.34,36633100,237.37
2010-05-18,256.98,258.55,250.26,252.36,27952800,241.21
2010-05-17,254.70,256.18,247.71,254.22,27244100,242.99
2010-05-14,255.16,256.48,249.50,253.82,27120100,242.61
2010-05-13,263.22,265.00,256.40,258.36,21418300,246.94
2010-05-12,259.24,263.13,258.70,262.09,23370700,250.51
2010-05-11,251.84,259.89,250.50,256.52,30318100,245.19
2010-05-10,250.25,254.65,248.53,253.99,35153800,242.77
2010-05-07,243.71,246.57,225.21,235.86,59857800,225.44
2010-05-06,253.83,258.25,199.25,246.25,45923600,235.37
2010-05-05,253.03,258.14,248.73,255.99,31539400,244.68
2010-05-04,262.89,263.29,256.75,258.68,25850700,247.25
2010-05-03,263.84,267.88,262.88,266.35,16226500,254.58
2010-04-30,269.31,270.57,261.00,261.09,19373700,249.55
2010-04-29,263.02,270.00,262.01,268.64,19958600,256.77
2010-04-28,263.25,264.00,256.41,261.60,27085800,250.04
2010-04-27,267.27,267.84,260.52,262.04,25333700,250.46
2010-04-26,271.88,272.46,268.19,269.50,17109600,257.59
2010-04-23,267.99,272.18,267.00,270.83,28462700,258.86
2010-04-22,258.24,266.75,256.20,266.47,28336600,254.70
2010-04-21,258.80,260.25,255.73,259.22,35085400,247.77
2010-04-20,248.54,249.25,242.96,244.59,26368800,233.78
2010-04-19,247.03,247.89,241.77,247.07,20247300,236.15
2010-04-16,248.57,251.14,244.55,247.40,26805200,236.47
2010-04-15,245.78,249.03,245.51,248.92,13456600,237.92
2010-04-14,245.28,245.81,244.07,245.69,14431300,234.83
2010-04-13,241.86,242.80,241.11,242.43,10936100,231.72
2010-04-12,242.20,243.07,241.81,242.29,11893800,231.58
2010-04-09,241.43,241.89,240.46,241.79,11935100,231.11
2010-04-08,240.44,241.54,238.04,239.95,20463900,229.35
2010-04-07,239.55,241.92,238.66,240.60,22446500,229.97
2010-04-06,238.20,240.24,237.00,239.54,15964900,228.96
2010-04-05,234.98,238.51,234.77,238.49,24446700,227.95
2010-04-01,237.41,238.73,232.75,235.97,21540900,225.54
2010-03-31,235.49,236.61,234.46,235.00,15380700,224.62
2010-03-30,236.60,237.48,234.25,235.85,18832500,225.43
2010-03-29,233.00,233.87,231.62,232.39,19312300,222.12
2010-03-26,228.95,231.95,228.55,230.90,22888400,220.70
2010-03-25,230.92,230.97,226.25,226.65,19367300,216.64
2010-03-24,227.64,230.20,227.51,229.37,21349300,219.24
2010-03-23,225.64,228.78,224.10,228.36,21515400,218.27
2010-03-22,220.47,226.00,220.15,224.75,16300700,214.82
2010-03-19,224.79,225.24,221.23,222.25,19980200,212.43
2010-03-18,224.10,225.00,222.61,224.65,12218200,214.72
2010-03-17,224.90,226.45,223.27,224.12,16105600,214.22
2010-03-16,224.18,224.98,222.51,224.45,15961000,214.53
2010-03-15,225.38,225.50,220.25,223.84,17625100,213.95
2010-03-12,227.37,227.73,225.75,226.60,14868700,216.59
2010-03-11,223.91,225.50,223.32,225.50,14489300,215.54
2010-03-10,223.83,225.48,223.20,224.84,21293500,214.91
2010-03-09,218.31,225.00,217.89,223.02,32866400,213.17
2010-03-08,220.01,220.09,218.25,219.08,15353200,209.40
2010-03-05,214.94,219.70,214.63,218.95,32129300,209.28
2010-03-04,209.28,210.92,208.63,210.71,13072900,201.40
2010-03-03,208.94,209.87,207.94,209.33,13287600,200.08
2010-03-02,209.93,210.83,207.74,208.85,20233800,199.62
2010-03-01,205.75,209.50,205.45,208.99,19646200,199.76
2010-02-26,202.38,205.17,202.00,204.62,18123600,195.58
2010-02-25,197.38,202.86,196.89,202.00,23754500,193.07
2010-02-24,198.23,201.44,197.84,200.66,16448800,191.79
2010-02-23,200.00,201.33,195.71,197.06,20539100,188.35
2010-02-22,202.34,202.50,199.19,200.42,13948700,191.56
2010-02-19,201.86,203.20,201.11,201.67,14838200,192.76
2010-02-18,201.63,203.89,200.92,202.93,15100900,193.96
2010-02-17,204.19,204.31,200.86,202.55,15585600,193.60
2010-02-16,201.94,203.69,201.52,203.40,19419200,194.41
2010-02-12,198.11,201.64,195.50,200.38,23409600,191.53
2010-02-11,194.88,199.75,194.06,198.67,19655200,189.89
2010-02-10,195.89,196.60,194.26,195.12,13227200,186.50
2010-02-09,196.42,197.50,194.75,196.19,22603100,187.52
2010-02-08,195.69,197.88,194.00,194.12,17081100,185.54
2010-02-05,192.63,196.00,190.85,195.46,30368100,186.82
2010-02-04,196.73,198.37,191.57,192.05,27059000,183.56
2010-02-03,195.17,200.20,194.42,199.23,21976000,190.43
2010-02-02,195.91,196.32,193.38,195.86,24940800,187.21
2010-02-01,192.37,196.00,191.30,194.73,26781300,186.13
2010-01-29,201.08,202.20,190.25,192.06,44498300,183.57
2010-01-28,204.93,205.50,198.70,199.29,41910800,190.48
2010-01-27,206.85,210.58,199.53,207.88,61520300,198.70
2010-01-26,205.95,213.71,202.58,205.94,66682500,196.84
2010-01-25,202.51,204.70,200.19,203.07,38060700,194.10
2010-01-22,206.78,207.50,197.16,197.75,31491700,189.01
2010-01-21,212.08,213.31,207.21,208.07,21719800,198.88
2010-01-20,214.91,215.55,209.50,211.73,21862600,202.37
2010-01-19,208.33,215.19,207.24,215.04,26071700,205.54
2010-01-15,210.93,211.60,205.87,205.93,21216700,196.83
2010-01-14,210.11,210.46,209.02,209.43,15460500,200.18
2010-01-13,207.87,210.93,204.10,210.65,21639000,201.34
2010-01-12,209.19,209.77,206.42,207.72,21230700,198.54
2010-01-11,212.80,213.00,208.45,210.11,16508200,200.83
2010-01-08,210.30,212.00,209.06,211.98,15986100,202.61
2010-01-07,211.75,212.00,209.05,210.58,17040400,201.28
2010-01-06,214.38,215.23,210.75,210.97,19720000,201.65
2010-01-05,214.60,215.59,213.25,214.38,21496600,204.91
2010-01-04,213.43,214.50,212.38,214.01,17633200,204.55
2009-12-31,213.13,213.35,210.56,210.73,12586100,201.42
2009-12-30,208.83,212.00,208.31,211.64,14717300,202.29
2009-12-29,212.63,212.72,208.73,209.10,15900200,199.86
2009-12-28,211.72,213.95,209.61,211.61,23020200,202.26
2009-12-24,203.55,209.35,203.35,209.04,17888900,199.80
2009-12-23,201.20,202.38,200.81,202.10,12340200,193.17
2009-12-22,199.44,200.85,198.66,200.36,12482700,191.51
2009-12-21,196.05,199.75,195.67,198.23,21853800,189.47
2009-12-18,193.17,195.50,192.60,195.43,21741800,186.80
2009-12-17,194.26,195.00,191.00,191.86,13887100,183.38
2009-12-16,195.10,196.50,194.55,195.03,12606600,186.41
2009-12-15,195.83,197.51,193.27,194.17,14980700,185.59
2009-12-14,195.37,197.43,192.56,196.98,17706800,188.28
